GD:  55.00000000000001 %
SGD:  61.25000000000001 %
MB_GD:  51.24999999999999 %